 0 0.074373524858728737
 3.3333333333333286 0.073578081536338616
 6.6666666666666643 0.072305372220514447
 10 0.07103266290469025
 13.333333333333336 0.070396308246778172
 16.666666666666664 0.069600864924388064
 19.999999999999993 0.068328155608563881
 23.333333333333336 0.067373623621695744
 26.666666666666664 0.066578180299305637
 29.999999999999993 0.065623648312437499
 33.333333333333336 0.064828204990047406
 36.666666666666664 0.06403276166765727
 39.999999999999993 0.063396407009745193
 43.333333333333336 0.062600963687355071
 46.666666666666664 0.061646431700486934
 49.999999999999993 0.060850988378096826
 53.333333333333336 0.060214633720184749
 56.666666666666664 0.059419190397794627
 59.999999999999993 0.058941924404360552
 63.333333333333336 0.058305569746448474
 66.666666666666657 0.057510126424058353
 70 0.056714683101668245


