 0 0.074501115753613956
 3.3333333333333286 0.073418367894950362
 6.6666666666666643 0.072369869601479134
 10 0.071340047221384123
 13.333333333333336 0.070344369026737699
 16.666666666666664 0.069378401861097269
 19.999999999999993 0.068439179147916876
 23.333333333333336 0.067518533042760176
 26.666666666666664 0.066629069044667685
 29.999999999999993 0.06576575200376826
 33.333333333333336 0.064921607409564985
 36.666666666666664 0.064098582942578933
 39.999999999999993 0.063305584566143824
 43.333333333333336 0.062532158029672477
 46.666666666666664 0.061775555478740224
 49.999999999999993 0.061039887173318479
 53.333333333333336 0.06032483878950412
 56.666666666666664 0.059634198826677767
 59.999999999999993 0.05895770613048204
 63.333333333333336 0.058300171529027868
 66.666666666666657 0.057666482273242385
 70 0.057040473484596996


