 0 61.325189216888923
 0.01 59.73278543009144
 0.02 57.042231926057738
 0.029999999999999999 55.094667326773447
 0.040000000000000001 52.62047835072665
 0.050000000000000003 50.590645588502994
 0.059999999999999998 49.284540277308928
 0.070000000000000007 47.177186245006183
 0.080000000000000002 45.550177825853829
 0.089999999999999997 43.525049420572394
 0.10000000000000001 42.878615051255643
 0.11 41.715010977468992
 0.12 40.380491563982581
 0.13 38.391023641041436
 0.14000000000000001 38.459816469109178
 0.14999999999999999 36.920648646011799
 0.16 34.468946796886186
 0.17000000000000001 34.177148174310496
 0.17999999999999999 34.239434907277598
 0.19 31.307075412433989
 0.20000000000000001 31.210769566146357
 0.20999999999999999 29.854257113407385
 0.22 28.332199423910797
 0.23000000000000001 28.479968854745216
 0.23999999999999999 29.223382545437541
 0.25 26.664701259470277
 0.26000000000000001 25.909708045572831
 0.27000000000000002 24.725698569193241
 0.28000000000000003 23.632324539571865
 0.28999999999999998 22.498818020506722
 0.29999999999999999 22.655063609353199
 0.31 22.66841294926542
 0.32000000000000001 21.438696968748008
 0.33000000000000002 20.595247323762781
 0.34000000000000002 18.810826342364866
 0.35000000000000003 19.128833345377387
 0.35999999999999999 18.028867367363691
 0.37 16.97192965522963
 0.38 17.846820778945787
 0.39000000000000001 17.517125848321776
 0.40000000000000002 17.197734713090977
 0.41000000000000003 16.908752198851076
 0.41999999999999998 15.448570226066044
 0.42999999999999999 14.177116555913278
 0.44 13.810790587896053
 0.45000000000000001 13.01864570346301
 0.46000000000000002 14.691931539190215
 0.47000000000000003 12.477850846740008
 0.47999999999999998 12.094970594534473
 0.48999999999999999 12.930004665334318
 0.5 11.831111142695358
 0.51000000000000001 11.523413129044485
 0.52000000000000002 11.684313543337682
 0.53000000000000003 10.999251032860458
 0.54000000000000004 11.578883528103233
 0.55000000000000004 10.210594912187036
 0.56000000000000005 9.4589333546581784
 0.57000000000000006 8.9015081768441728
 0.57999999999999996 9.8528192935833125
 0.58999999999999997 8.9558039607061222
 0.59999999999999998 7.5662867096367057
 0.60999999999999999 8.3019899110025523
 0.62 8.2790423847844909
 0.63 8.2525301989374285
 0.64000000000000001 7.2078325462405806
 0.65000000000000002 8.2368508588376983
 0.66000000000000003 5.6618618740211808
 0.67000000000000004 7.3739880452106847
 0.68000000000000005 6.3758658345563539
 0.69000000000000006 6.0604019055859197
 0.70000000000000007 7.2350093016282901
 0.70999999999999996 5.232568987760609
 0.71999999999999997 5.6316258087075584
 0.72999999999999998 4.8824353709401525
 0.73999999999999999 5.5242061488095526
 0.75 5.0173891082932514
 0.76000000000000001 5.6636088923257333
 0.77000000000000002 3.8881188448471873
 0.78000000000000003 6.6699295442097171
 0.79000000000000004 4.6714869824168268
 0.80000000000000004 4.882845079969699
 0.81000000000000005 4.7784368535945418
 0.82000000000000006 3.2176043550541471
 0.83000000000000007 4.0435224042491331
 0.83999999999999997 4.7713231267216765
 0.84999999999999998 2.5040960211202283
 0.85999999999999999 4.7327834284397623
 0.87 3.7260354272838554
 0.88 4.9940811889850298
 0.89000000000000001 3.2516517193980992
 0.90000000000000002 3.5041973204838648
 0.91000000000000003 2.5965698997980753
 0.92000000000000004 2.4890830782696214
 0.93000000000000005 2.8881244984113978
 0.94000000000000006 2.7553305239976016
 0.95000000000000007 3.3076554342309015
 0.95999999999999996 2.2050836735206421
 0.96999999999999997 2.0085020591076552
 0.97999999999999998 2.5247558098342613
 0.98999999999999999 2.6650472069573805
 1 2.2064687274425907
 1.01 2.62388989648155
 1.02 3.6489695734368954
 1.03 0.43810540688419985
 1.04 1.8105250619578914
 1.05 3.1031853410470864
 1.0600000000000001 1.6923016854152786
 1.0700000000000001 2.8266529641215232
 1.0800000000000001 1.7581292000496491
 1.0900000000000001 2.3699619053673313
 1.1000000000000001 1.052841606390559
 1.1100000000000001 1.6316385330802248
 1.1200000000000001 1.8588890635969004
 1.1300000000000001 1.1796396563393405
 1.1400000000000001 1.431484549697434
 1.1500000000000001 3.0831972197886222
 1.1599999999999999 0.6442905376416721
 1.1699999999999999 1.0389049519190436
 1.1799999999999999 1.417177216131432
 1.1899999999999999 1.4260425251351498
 1.2 1.3389642003619848
 1.21 1.6745371199013364
 1.22 0.73574772121083087
 1.23 1.2658179029196495
 1.24 1.5550797269346042
 1.25 1.126679106379451
 1.26 0.45834562238186916
 1.27 0.94897346974194252
 1.28 1.8689915655860978
 1.29 0.78524131096611427
 1.3 2.2304281601380929
 1.3100000000000001 0.4600378678142068
 1.3200000000000001 0.78056625816398506
 1.3300000000000001 0.95343791553237156
 1.3400000000000001 -0.027498241253994249
 1.3500000000000001 1.5861262454228713
 1.3600000000000001 2.6041784986311263
 1.3700000000000001 -0.072060154251982644
 1.3800000000000001 -0.77672847976146908
 1.3900000000000001 1.0789100286814759
 1.4000000000000001 1.0762473293096146
 1.4099999999999999 0.44859751132794246
 1.4199999999999999 0.19987131551953807
 1.4299999999999999 2.1018199391870684
 1.4399999999999999 1.6111867146292047
 1.45 0.087048525338277671
 1.46 -0.35426722624427553
 1.47 0.18691210876491543
 1.48 -0.67716070698006314
 1.49 0.21473181484070281
 1.5 1.0995829599537941
 1.51 -0.11252974218811557
 1.52 0.55990797080053434
 1.53 1.4411815077331391
 1.54 0.43148517870358583
 1.55 1.2782641605872733
 1.5600000000000001 2.0983355016237724
 1.5700000000000001 -0.26084684110863809
 1.5800000000000001 0.66458975687734667
 1.5900000000000001 0.036395113929912071
 1.6000000000000001 0.36251570742327111
 1.6100000000000001 -1.5554219900786816
 1.6200000000000001 -0.69542649445597526
 1.6300000000000001 0.48312291718051098
 1.6400000000000001 -0.42502019508022298
 1.6500000000000001 -0.16331909807121864
 1.6600000000000001 0.17502627644776872
 1.6699999999999999 -1.2033564061704687
 1.6799999999999999 1.001533686701946
 1.6899999999999999 0.44959538811888666
 1.7 -0.2474954779785514
 1.71 -1.603967684483588
 1.72 0.24051395333214987
 1.73 0.59891219329468981
 1.74 0.34098574102514789
 1.75 0.36607243864091632
 1.76 -0.69454526294682051
 1.77 -1.1700441967393866
 1.78 0.67860640665533034
 1.79 0.42989047558397853
 1.8 0.97033978950978728
 1.8100000000000001 0.76791737414288586
 1.8200000000000001 0.68915131131854301
 1.8300000000000001 0.43677786742743585
 1.8400000000000001 1.3196106503030232
 1.8500000000000001 -0.022073921778764022
 1.8600000000000001 0.83070532012869103
 1.8700000000000001 -0.16224113529785997
 1.8800000000000001 0.48616016360599101
 1.8900000000000001 1.1983614119595281
 1.9000000000000001 0.65986671001011687
 1.9100000000000001 -0.6476276112253847
 1.9199999999999999 -0.56523155016372861
 1.9299999999999999 -0.091989473569224919
 1.9399999999999999 1.2491711779351864
 1.95 0.69641074424655236
 1.96 -0.48042784971124453
 1.97 0.24350208059326589
 1.98 -0.34676860632134382
 1.99 -0.4164662652855729
 2 -0.12864324854811959


