 0 -0.00060904114872238385
 0.01 -0.00080959548377273214
 0.02 -0.0022270200201618211
 0.029999999999999999 -0.0027896611321893638
 0.040000000000000001 -0.0032097940078439418
 0.050000000000000003 -0.0057699705661464666
 0.059999999999999998 -0.0041792665029825125
 0.070000000000000007 -0.0055707925968405481
 0.080000000000000002 -0.0069274541653226865
 0.089999999999999997 -0.0069286642277121419
 0.10000000000000001 -0.0072075907052990386
 0.11 -0.010372237290717899
 0.12 -0.010260651862695296
 0.13 -0.0086368369673749199
 0.14000000000000001 -0.0087221591040242373
 0.14999999999999999 -0.010691758993741819
 0.16 -0.012132688249331891
 0.17000000000000001 -0.013351620565895162
 0.17999999999999999 -0.013786052403163874
 0.19 -0.013903984667142363
 0.20000000000000001 -0.014629751807539209
 0.20999999999999999 -0.015248936228834961
 0.22 -0.015280249549407742
 0.23000000000000001 -0.016214678924420477
 0.23999999999999999 -0.017821947722581638
 0.25 -0.016101842258319073
 0.26000000000000001 -0.016916266358617597
 0.27000000000000002 -0.017343961372464883
 0.28000000000000003 -0.019087760257322301
 0.28999999999999998 -0.021005331566695269
 0.29999999999999999 -0.018878851093752272
 0.31 -0.020199431286972908
 0.32000000000000001 -0.020495854537989744
 0.33000000000000002 -0.022623753945965115
 0.34000000000000002 -0.022284015606095657
 0.35000000000000003 -0.022687732542945357
 0.35999999999999999 -0.022382104449974554
 0.37 -0.023785319052027493
 0.38 -0.023111379857491093
 0.39000000000000001 -0.025220444228924881
 0.40000000000000002 -0.023312916174857933
 0.41000000000000003 -0.026273295743769118
 0.41999999999999998 -0.02602754706433839
 0.42999999999999999 -0.026785169661109186
 0.44 -0.027175238302430134
 0.45000000000000001 -0.024802617827426453
 0.46000000000000002 -0.027702901135684233
 0.47000000000000003 -0.028692333116091383
 0.47999999999999998 -0.027648008017652541
 0.48999999999999999 -0.028224463953316459
 0.5 -0.029391450237741711
 0.51000000000000001 -0.029128815763046718
 0.52000000000000002 -0.030039832260147177
 0.53000000000000003 -0.031813919304197129
 0.54000000000000004 -0.030542707633412582
 0.55000000000000004 -0.032486783460657712
 0.56000000000000005 -0.032313437308988689
 0.57000000000000006 -0.03288509618426292
 0.57999999999999996 -0.033599730942263817
 0.58999999999999997 -0.034808794348870215
 0.59999999999999998 -0.032963051982689631
 0.60999999999999999 -0.033433488137291627
 0.62 -0.03377684353851531
 0.63 -0.03525001085533723
 0.64000000000000001 -0.036355744508404939
 0.65000000000000002 -0.035167304724890908
 0.66000000000000003 -0.034016967211582989
 0.67000000000000004 -0.035075853234933958
 0.68000000000000005 -0.038159747304157755
 0.69000000000000006 -0.034869186601563684
 0.70000000000000007 -0.037573071104382821
 0.70999999999999996 -0.037579288829992334
 0.71999999999999997 -0.037996373905891549
 0.72999999999999998 -0.03748173097846106
 0.73999999999999999 -0.039292163143349788
 0.75 -0.038579259780828476
 0.76000000000000001 -0.039795836321078318
 0.77000000000000002 -0.037969741672619642
 0.78000000000000003 -0.041351573156549526
 0.79000000000000004 -0.039081458927634552
 0.80000000000000004 -0.039753385776393618
 0.81000000000000005 -0.041781545281545311
 0.82000000000000006 -0.039995071562979677
 0.83000000000000007 -0.041871711462994815
 0.83999999999999997 -0.041569829317248154
 0.84999999999999998 -0.040087659903309508
 0.85999999999999999 -0.044040750857316319
 0.87 -0.042931454641283846
 0.88 -0.041227085322816749
 0.89000000000000001 -0.045041887556857403
 0.90000000000000002 -0.043878641441346809
 0.91000000000000003 -0.04278385618761181
 0.92000000000000004 -0.043696462400328387
 0.93000000000000005 -0.04545972379169657
 0.94000000000000006 -0.04353203653798772
 0.95000000000000007 -0.044789306497682653
 0.95999999999999996 -0.044464852983142518
 0.96999999999999997 -0.047299316404849412
 0.97999999999999998 -0.046272360348571052
 0.98999999999999999 -0.04532454945027168
 1 -0.046201759768164229
 1.01 -0.046404733798180831
 1.02 -0.045266416974072694
 1.03 -0.046767853934678
 1.04 -0.044915984909878109
 1.05 -0.04748200267565237
 1.0600000000000001 -0.046919692703876643
 1.0700000000000001 -0.046912417577137162
 1.0800000000000001 -0.046965395512456334
 1.0900000000000001 -0.047404663615265061
 1.1000000000000001 -0.04813802150818057
 1.1100000000000001 -0.050001367361599797
 1.1200000000000001 -0.049403605283955397
 1.1300000000000001 -0.049018459723765243
 1.1400000000000001 -0.0481796789835943
 1.1500000000000001 -0.050014908733233096
 1.1599999999999999 -0.048753075844978899
 1.1699999999999999 -0.047062473333693094
 1.1799999999999999 -0.049251131322119578
 1.1899999999999999 -0.050490348731258211
 1.2 -0.05049016175831654
 1.21 -0.051835854271712854
 1.22 -0.047892566469387776
 1.23 -0.050293278462770583
 1.24 -0.050408872968988994
 1.25 -0.050111147295088337
 1.26 -0.050797979032740671
 1.27 -0.051429908274228067
 1.28 -0.051723359655581218
 1.29 -0.051802930790932442
 1.3 -0.051051397843990279
 1.3100000000000001 -0.051094173845649751
 1.3200000000000001 -0.049982485203114282
 1.3300000000000001 -0.051834898979546913
 1.3400000000000001 -0.052322949527703083
 1.3500000000000001 -0.052310130232621786
 1.3600000000000001 -0.052829106121101581
 1.3700000000000001 -0.054625997372423636
 1.3800000000000001 -0.0535054576241095
 1.3900000000000001 -0.053063378273650853
 1.4000000000000001 -0.051139826911753998
 1.4099999999999999 -0.053954571562679625
 1.4199999999999999 -0.053995174579082712
 1.4299999999999999 -0.051569092407520049
 1.4399999999999999 -0.053972029995020668
 1.45 -0.055365410181648235
 1.46 -0.053641002453946741
 1.47 -0.051323505788130205
 1.48 -0.054464388402982476
 1.49 -0.053717446185010974
 1.5 -0.056748941012963801
 1.51 -0.055865670001632353
 1.52 -0.055449063782908328
 1.53 -0.054155605484819139
 1.54 -0.055070758382682432
 1.55 -0.055812270830031652
 1.5600000000000001 -0.053864620053791459
 1.5700000000000001 -0.056167272100129374
 1.5800000000000001 -0.057088913349513583
 1.5900000000000001 -0.05634145588967053
 1.6000000000000001 -0.055377029447659862
 1.6100000000000001 -0.055481018374257951
 1.6200000000000001 -0.054590201896183188
 1.6300000000000001 -0.055353215505858977
 1.6400000000000001 -0.057148996503266519
 1.6500000000000001 -0.057117763133528031
 1.6600000000000001 -0.057528852211565819
 1.6699999999999999 -0.056608567583145142
 1.6799999999999999 -0.056565737034625807
 1.6899999999999999 -0.055747290941321172
 1.7 -0.055857599272198299
 1.71 -0.057798536916697833
 1.72 -0.056730356251569053
 1.73 -0.0587006606855668
 1.74 -0.057747407041806254
 1.75 -0.058333759987995164
 1.76 -0.056947927340809106
 1.77 -0.057815346854885638
 1.78 -0.056453393644707819
 1.79 -0.057930215630778395
 1.8 -0.057482926643205486
 1.8100000000000001 -0.059738327683561944
 1.8200000000000001 -0.05575090212555648
 1.8300000000000001 -0.058881707600036207
 1.8400000000000001 -0.05725575757739694
 1.8500000000000001 -0.057964541174652565
 1.8600000000000001 -0.056489239579138421
 1.8700000000000001 -0.058932761895049125
 1.8800000000000001 -0.058609646214157839
 1.8900000000000001 -0.05851582680502531
 1.9000000000000001 -0.058079438035836761
 1.9100000000000001 -0.059665998700280512
 1.9199999999999999 -0.058035712937874635
 1.9299999999999999 -0.058880951699316904
 1.9399999999999999 -0.058911368276560516
 1.95 -0.058327654348681215
 1.96 -0.060011361869451767
 1.97 -0.060641415405688112
 1.98 -0.059265512305700069
 1.99 -0.06104111010880104
 2 -0.059951788992978802
 2.0100000000000002 -0.058709701409328838
 2.02 -0.060658340768109317
 2.0300000000000002 -0.060551979437178841
 2.04 -0.060200859140312528
 2.0499999999999998 -0.059620839311114046
 2.0600000000000001 -0.05756751364699661
 2.0699999999999998 -0.060886330510230326
 2.0800000000000001 -0.060699113745832901
 2.0899999999999999 -0.060182619163756175
 2.1000000000000001 -0.060160100643894626
 2.1099999999999999 -0.06142631917384226
 2.1200000000000001 -0.061009061650138155
 2.1299999999999999 -0.058936341184582616
 2.1400000000000001 -0.059970163655314081
 2.1499999999999999 -0.059931106205352566
 2.1600000000000001 -0.062110816024159674
 2.1699999999999999 -0.061201786634781458
 2.1800000000000002 -0.060911282002393492
 2.1899999999999999 -0.060872421361499091
 2.2000000000000002 -0.060474277104187617
 2.21 -0.06175328082668663
 2.2200000000000002 -0.060327432610633037
 2.23 -0.060656295496135042
 2.2400000000000002 -0.062903436444027142
 2.25 -0.061764071003844005
 2.2600000000000002 -0.061405631922013579
 2.27 -0.0629573561735155
 2.2800000000000002 -0.060908447614373473
 2.29 -0.06246013089367989
 2.3000000000000003 -0.061046504068355698
 2.3100000000000001 -0.063353895660575282
 2.3199999999999998 -0.061496999523873989
 2.3300000000000001 -0.061027307337757027
 2.3399999999999999 -0.061077357239583865
 2.3500000000000001 -0.060477813006868629
 2.3599999999999999 -0.061769882679378746
 2.3700000000000001 -0.06082157872459161
 2.3799999999999999 -0.061107891379459559
 2.3900000000000001 -0.061867119304033082
 2.3999999999999999 -0.059568669460026639
 2.4100000000000001 -0.061747676631026691
 2.4199999999999999 -0.062075263319458951
 2.4300000000000002 -0.061051594435132951
 2.4399999999999999 -0.062578231155690472
 2.4500000000000002 -0.063250631096329751
 2.46 -0.063297225790161726
 2.4700000000000002 -0.06184601791734827
 2.48 -0.060086666331742672
 2.4900000000000002 -0.061439520192595583
 2.5 -0.060562683617471094
 2.5100000000000002 -0.061286388897585073
 2.52 -0.064332083120535705
 2.5300000000000002 -0.062313810426820812
 2.54 -0.062656674983252475
 2.5500000000000003 -0.062522764848086984
 2.5600000000000001 -0.062062039791560157
 2.5699999999999998 -0.063717199237787667
 2.5800000000000001 -0.061683934736854719
 2.5899999999999999 -0.06309195207947417
 2.6000000000000001 -0.062028274745321396
 2.6099999999999999 -0.061090482474383818
 2.6200000000000001 -0.062200303084871983
 2.6299999999999999 -0.060997780652432179
 2.6400000000000001 -0.061859750883454988
 2.6499999999999999 -0.062492041018717526
 2.6600000000000001 -0.062249721779512178
 2.6699999999999999 -0.062248616720000413
 2.6800000000000002 -0.062376184876314175
 2.6899999999999999 -0.063801190572066624
 2.7000000000000002 -0.062709772999282196
 2.71 -0.062762197577951859
 2.7200000000000002 -0.064450896416621106
 2.73 -0.065205362429504546
 2.7400000000000002 -0.064372868247407941
 2.75 -0.062019845070411896
 2.7600000000000002 -0.063752345631284082
 2.77 -0.062223224577162506
 2.7800000000000002 -0.063998438610785871
 2.79 -0.063106919110432855
 2.8000000000000003 -0.063395261633876682
 2.8100000000000001 -0.063717878645372789
 2.8199999999999998 -0.064425690365429208
 2.8300000000000001 -0.063540209663735081
 2.8399999999999999 -0.062652907755193998
 2.8500000000000001 -0.060776955267897191
 2.8599999999999999 -0.06385077749103335
 2.8700000000000001 -0.062335522826380711
 2.8799999999999999 -0.064739579795008925
 2.8900000000000001 -0.062975865491479724
 2.8999999999999999 -0.064927690811748831
 2.9100000000000001 -0.062473326702902489
 2.9199999999999999 -0.062944473314514429
 2.9300000000000002 -0.06347531761287363
 2.9399999999999999 -0.062075131866356138
 2.9500000000000002 -0.063601679625408275
 2.96 -0.06421193297861795
 2.9700000000000002 -0.06414575057478647
 2.98 -0.064149290162940784
 2.9900000000000002 -0.062779809359290756
 3 -0.062387557578100807
 3.0100000000000002 -0.063876553747636067
 3.02 -0.063757145008658853
 3.0300000000000002 -0.063680737660845213
 3.04 -0.064043098268527582
 3.0500000000000003 -0.063193185213287748
 3.0600000000000001 -0.064945684397983344
 3.0700000000000003 -0.062615141328667051
 3.0800000000000001 -0.063811765133019824
 3.0899999999999999 -0.065312904251962595
 3.1000000000000001 -0.063675205129896884
 3.1099999999999999 -0.063792398613714552
 3.1200000000000001 -0.063464420370557093
 3.1299999999999999 -0.064824288601137703
 3.1400000000000001 -0.063148764970128529
 3.1499999999999999 -0.063559062977896832
 3.1600000000000001 -0.064450644514141911
 3.1699999999999999 -0.064730726026944865
 3.1800000000000002 -0.062635033597270615
 3.1899999999999999 -0.063945793542251536
 3.2000000000000002 -0.064171363933599124
 3.21 -0.063364744298349415
 3.2200000000000002 -0.066422775338194795
 3.23 -0.062418845714734966
 3.2400000000000002 -0.065077053837818657
 3.25 -0.064393404500259196
 3.2600000000000002 -0.062540761194255348
 3.27 -0.065978054931421559
 3.2800000000000002 -0.063993597250055864
 3.29 -0.065939071847781569
 3.3000000000000003 -0.063689260336854348
 3.3100000000000001 -0.063834119129404981
 3.3200000000000003 -0.065900738619865853
 3.3300000000000001 -0.063526068740311928
 3.3399999999999999 -0.064048640322513423
 3.3500000000000001 -0.064609671667333696
 3.3599999999999999 -0.064573586825407703
 3.3700000000000001 -0.065588762075770177
 3.3799999999999999 -0.063984050686195698
 3.3900000000000001 -0.064060256288760969
 3.3999999999999999 -0.065695335504666899
 3.4100000000000001 -0.064583347510196829
 3.4199999999999999 -0.064125650526161732
 3.4300000000000002 -0.0635317544081693
 3.4399999999999999 -0.063066330864248718
 3.4500000000000002 -0.063808721603826266
 3.46 -0.065720244312925308
 3.4700000000000002 -0.065787210233845803
 3.48 -0.065593710140610731
 3.4900000000000002 -0.064379604908372551
 3.5 -0.064316629108206708
 3.5100000000000002 -0.065139955245997749
 3.52 -0.064526499135503512
 3.5300000000000002 -0.066286083945153521
 3.54 -0.065365067084431017
 3.5500000000000003 -0.063743197184311692
 3.5600000000000001 -0.063746340687662259
 3.5700000000000003 -0.065113692891421202
 3.5800000000000001 -0.065919395913557513
 3.5899999999999999 -0.064526880826251409
 3.6000000000000001 -0.064264962028700037
 3.6099999999999999 -0.063545943375310845
 3.6200000000000001 -0.064374713914501877
 3.6299999999999999 -0.06536381490407181
 3.6400000000000001 -0.064050833994732881
 3.6499999999999999 -0.063534816451019688
 3.6600000000000001 -0.064440192061144042
 3.6699999999999999 -0.062327575204679936
 3.6800000000000002 -0.066419366671221475
 3.6899999999999999 -0.066172690054581582
 3.7000000000000002 -0.065251065523665372
 3.71 -0.065056748845877865
 3.7200000000000002 -0.065009987149939427
 3.73 -0.065766213474740182
 3.7400000000000002 -0.062855669674300604
 3.75 -0.065200660754181364
 3.7600000000000002 -0.062848051858191409
 3.77 -0.064221951611099601
 3.7800000000000002 -0.064385177976659796
 3.79 -0.066118890921879989
 3.8000000000000003 -0.064724984221404394
 3.8100000000000001 -0.065685968616239848
 3.8200000000000003 -0.064595273743703358
 3.8300000000000001 -0.063466192711118433
 3.8399999999999999 -0.063831298453457905
 3.8500000000000001 -0.065107371308240736
 3.8599999999999999 -0.065292016946369172
 3.8700000000000001 -0.064334499708444695
 3.8799999999999999 -0.065019321853149389
 3.8900000000000001 -0.064203564511186709
 3.8999999999999999 -0.061155874580672856
 3.9100000000000001 -0.064023969914847517
 3.9199999999999999 -0.066424770010864512
 3.9300000000000002 -0.06398779382457076
 3.9399999999999999 -0.064837083663727299
 3.9500000000000002 -0.065108454289983866
 3.96 -0.065233802750482919
 3.9700000000000002 -0.065169051676765538
 3.98 -0.065293719868731323
 3.9900000000000002 -0.064073375578281175
 4 -0.064565819202729705
 4.0099999999999998 -0.065249965170793137
 4.0200000000000005 -0.062234326726170887
 4.0300000000000002 -0.065986803020245899
 4.04 -0.063660572639308285
 4.0499999999999998 -0.06466858555765051
 4.0600000000000005 -0.064606461491492059
 4.0700000000000003 -0.065286730448510744
 4.0800000000000001 -0.065893408145817803
 4.0899999999999999 -0.064480775860045067
 4.0999999999999996 -0.062595813411648063
 4.1100000000000003 -0.065007862260121632
 4.1200000000000001 -0.06409755994452225
 4.1299999999999999 -0.065714162479448418
 4.1399999999999997 -0.065048226088919484
 4.1500000000000004 -0.065869213167809984
 4.1600000000000001 -0.065843566094183834
 4.1699999999999999 -0.063267428844278897
 4.1799999999999997 -0.064228538710622243
 4.1900000000000004 -0.065506741422763567
 4.2000000000000002 -0.065253405549840771
 4.21 -0.064084994506692805
 4.2199999999999998 -0.063683676386933688
 4.2300000000000004 -0.065415420572686733
 4.2400000000000002 -0.065666254928986117
 4.25 -0.064830814333492207
 4.2599999999999998 -0.067661360214932104
 4.2700000000000005 -0.064624658357771272
 4.2800000000000002 -0.065637123654561966
 4.29 -0.065934460296943831
 4.2999999999999998 -0.065213185471433274
 4.3100000000000005 -0.065626876304601831
 4.3200000000000003 -0.065044642604255437
 4.3300000000000001 -0.066185254339857974
 4.3399999999999999 -0.063397035007168701
 4.3500000000000005 -0.063966477580216605
 4.3600000000000003 -0.064393370661581073
 4.3700000000000001 -0.063690770774273334
 4.3799999999999999 -0.065953873236639843
 4.3899999999999997 -0.065255693549075039
 4.4000000000000004 -0.064560466248469367
 4.4100000000000001 -0.063769819876225944
 4.4199999999999999 -0.065029844605672932
 4.4299999999999997 -0.066841719614739087
 4.4400000000000004 -0.064848654544928733
 4.4500000000000002 -0.06434017657210786
 4.46 -0.065895021025412309
 4.4699999999999998 -0.065005511105396957
 4.4800000000000004 -0.064825094882487402
 4.4900000000000002 -0.066931200195159718
 4.5 -0.064634653251716717
 4.5099999999999998 -0.065523163977006013
 4.5200000000000005 -0.064792266797081388
 4.5300000000000002 -0.06581506975956998
 4.54 -0.065381237784890425
 4.5499999999999998 -0.066407148312088396
 4.5600000000000005 -0.065869981002647418
 4.5700000000000003 -0.065949495942999495
 4.5800000000000001 -0.065635566384861663
 4.5899999999999999 -0.065660886223455908
 4.6000000000000005 -0.06585606133557366
 4.6100000000000003 -0.063271717124136276
 4.6200000000000001 -0.067009995783966589
 4.6299999999999999 -0.063501627951812925
 4.6399999999999997 -0.066445871298557793
 4.6500000000000004 -0.064087304697377931
 4.6600000000000001 -0.065829169769442017
 4.6699999999999999 -0.064609230275165824
 4.6799999999999997 -0.06395317009224892
 4.6900000000000004 -0.066185269371413349
 4.7000000000000002 -0.064779996011357796
 4.71 -0.065762995922549319
 4.7199999999999998 -0.066155536918959063
 4.7300000000000004 -0.062708996823343494
 4.7400000000000002 -0.064072467271108852
 4.75 -0.064524862717969533
 4.7599999999999998 -0.065404805029535731
 4.7700000000000005 -0.064675909260386799
 4.7800000000000002 -0.065199645016688706
 4.79 -0.065909259731352823
 4.7999999999999998 -0.065755195541919748
 4.8100000000000005 -0.066760960720060061
 4.8200000000000003 -0.064558522248455499
 4.8300000000000001 -0.064749457298661495
 4.8399999999999999 -0.06462005969991777
 4.8500000000000005 -0.065238126284763789
 4.8600000000000003 -0.065572371803494151
 4.8700000000000001 -0.064723031232894343
 4.8799999999999999 -0.064576980683140078
 4.8899999999999997 -0.065612188821439724
 4.9000000000000004 -0.065627112407754762
 4.9100000000000001 -0.065952499142208687
 4.9199999999999999 -0.06601938025607372
 4.9299999999999997 -0.066520882169742987
 4.9400000000000004 -0.066396374464779528
 4.9500000000000002 -0.064866176489552077
 4.96 -0.064507690061946926
 4.9699999999999998 -0.065977558652309864
 4.9800000000000004 -0.066088833051904342
 4.9900000000000002 -0.064259759467756
 5 -0.065876050922852911


