 0.00000000e+00 5.40986746e-02
 6.66972222e+00 5.10987481e-02
 1.33394333e+01 4.88988020e-02
 2.00091556e+01 4.62988657e-02
 2.66788667e+01 4.40989196e-02
 3.33485778e+01 4.17989759e-02
 4.00183556e+01 3.92990372e-02
 4.66880111e+01 3.70990911e-02
 5.33577222e+01 3.49991425e-02
 6.00274556e+01 3.29991915e-02
 6.66971444e+01 3.09992405e-02
 7.33668667e+01 2.89992895e-02
 8.00365778e+01 2.70993361e-02
 8.67063000e+01 2.53993777e-02
 9.33760111e+01 2.35994218e-02
 1.00045722e+02 2.21994561e-02
 1.06715467e+02 2.09994855e-02
 1.13385144e+02 1.97995149e-02
 1.20054867e+02 1.82995517e-02
 1.26724644e+02 1.69995835e-02
 1.33394289e+02 1.57996129e-02
 1.40064000e+02 1.45996423e-02
 1.46733722e+02 1.34996693e-02
 1.53403433e+02 1.24996938e-02
 1.60073156e+02 1.14997183e-02
 1.66742878e+02 1.09997305e-02
 1.73412578e+02 9.99975501e-03
 1.80082300e+02 9.29977216e-03
 1.86752000e+02 8.59978931e-03
 1.93421722e+02 7.89980646e-03
 2.00091433e+02 7.09982606e-03
 2.06761156e+02 6.69983586e-03
