 0.00000000e+00 8.05613972e-02
 6.66971111e+00 7.86140860e-02
 1.33394222e+01 7.68958701e-02
 2.00091444e+01 7.49485588e-02
 2.66788556e+01 7.32303430e-02
 3.33485667e+01 7.17412226e-02
 4.00182889e+01 7.04811976e-02
 4.66880000e+01 6.85338864e-02
 5.33577111e+01 6.65865751e-02
 6.00274222e+01 6.48683592e-02
 6.66971333e+01 6.34937865e-02
 7.33668556e+01 6.22337616e-02
 8.00365778e+01 6.04009980e-02
 8.67062778e+01 5.89118776e-02
 9.33760000e+01 5.75373050e-02
 1.00045733e+02 5.59336368e-02
 1.06715422e+02 5.42154210e-02
 1.13385133e+02 5.30699438e-02
 1.20054856e+02 5.19244665e-02
 1.26724578e+02 5.06644416e-02
 1.33394278e+02 4.91753212e-02
 1.40064000e+02 4.79152962e-02
 1.46733711e+02 4.67698190e-02
 1.53403422e+02 4.57388895e-02
 1.60073133e+02 4.41352214e-02
 1.66742844e+02 4.26461010e-02
 1.73412567e+02 4.17297192e-02
 1.80082278e+02 4.02405988e-02
 1.86752000e+02 3.90951216e-02
 1.93421711e+02 3.80641921e-02
 2.00091422e+02 3.69187149e-02
 2.06761189e+02 3.61168808e-02
 2.13430856e+02 3.50859513e-02
 2.20100567e+02 3.42841172e-02
 2.26770278e+02 3.30240923e-02
 2.33439989e+02 3.17640673e-02
 2.40109711e+02 3.10767810e-02
 2.46779422e+02 3.01603992e-02
 2.53449133e+02 2.90149220e-02
 2.60118856e+02 2.83276356e-02
 2.66788567e+02 2.69530630e-02
 2.73458278e+02 2.62657766e-02
 2.80128000e+02 2.53493949e-02
 2.86797722e+02 2.42039176e-02
 2.93467422e+02 2.34020836e-02
 3.00137144e+02 2.26002495e-02
 3.06806856e+02 2.14547723e-02
 3.13476556e+02 2.03092951e-02
 3.20146278e+02 2.00801996e-02
 3.26816000e+02 1.95074610e-02
 3.33485700e+02 1.85910792e-02
 3.40155433e+02 1.80183406e-02
 3.46825156e+02 1.74456020e-02
 3.53494856e+02 1.68728634e-02
 3.60164578e+02 1.63001248e-02
 3.66834278e+02 1.56128384e-02
 3.73504000e+02 1.46964566e-02
 3.80173711e+02 1.38946226e-02
 3.86843433e+02 1.32073362e-02
 3.93513156e+02 1.25200499e-02
 4.00182856e+02 1.19473113e-02
 4.06852567e+02 1.13745727e-02
 4.13522278e+02 1.08018341e-02
 4.20192067e+02 1.01145477e-02
